4294967279,80
4294967279,79
4294967279,78
4294967279,77
4243767290,0
4294967278,275
4294967279,289
4294967278,336
4294967279,274
4294967278,288
4294967279,84
4294967279,83
4294967279,82
4294967279,81
4294967279,404
4294967278,286
4294967279,288
4294967278,285
4294967278,335
4294967279,90
4294967279,89
4294967279,87
4294967279,86
4294967279,85
4294967279,269
4294967278,334
4294967279,287
4294967278,284
4294967278,267
4294967279,403
4294967278,333
4294967279,96
4294967279,95
4294967279,94
4294967279,93
4294967279,92
4294967279,91
4294967278,282
4294967279,284
4294967279,108
4294967279,107
4294967279,106
4294967279,105
4294967279,104
4294967279,103
4294967279,102
4294967279,101
4294967279,100
4294967279,99
4294967279,98
4294967279,97
4294967278,264
4294967279,283
4294967279,263
4294967279,282
4294967278,261
4294967278,280
4294967279,259
4294967278,258
4294967279,280
4294967278,257
4294967279,402
4294967278,332
4294967279,401
4294967278,256
4294967279,400
4294967278,331
4294967278,330
4294967279,399
4294967279,129
4294967279,127
4294967279,124
4294967279,123
4294967279,122
4294967279,121
4294967279,120
4294967279,119
4294967279,118
4294967279,117
4294967279,116
4294967279,115
4294967279,114
4294967279,113
4294967279,112
4294967279,111
4294967279,110
4294967279,109
4294967278,255
4294967279,398
4294967279,128
4294967294,161
4294967278,329
4294967278,328
4294967279,397
4294967279,126
4294967278,327
4294967294,50
4294967294,180
4294967294,182
4294967279,396
4294967279,125
4294967278,253
4294967278,36
4294967278,35
4294967278,34
4294967278,33
4294967278,32
4294967278,31
4294967278,30
4294967278,29
4294967278,28
4294967278,27
4294967278,26
4294967278,25
4294967278,24
4294967278,23
4294967278,22
4294967278,21
4294967278,20
4294967278,19
4294967278,18
4294967278,17
4294967278,16
4294967278,15
4294967278,14
4294967278,13
4294967278,12
4294967278,11
4294967278,10
4294967278,9
4294967278,8
4294967278,7
4294967278,6
4294967278,5
4294967278,4
4294967279,132
4294967279,131
4294967279,130
4294967279,26
4294967279,24
4294967279,22
4294967279,20
4294967279,18
4294967279,16
4294967279,15
4294967279,13
4294967279,11
4294967279,10
4243767290,3
4243767290,2
4294967294,127
4294967294,14
4294967294,126
4294967294,13
4294967294,5
4294967278,252
4294967279,395
4294967279,260
4294967279,0
4294967278,249
4294967294,437
4294967278,247
4294967278,248
4294967278,326
4294967278,325
17,0
17,6
4294967294,387
4294967294,388
4294967294,46
4294967294,988
4294967278,243
4294967294,971
4294967294,396
4294967294,397
4294967294,186
4294967294,975
4294967294,400
4294967294,386
4294967294,179
4294967294,1018
4294967294,178
4294967294,414
4294967294,406
4294967294,1021
4294967294,1017
4294967294,167
4294967294,112
4294967294,191
4294967294,469
4294967294,448
4294967294,455
4294967278,245
4294967278,246
4294967278,244
17,5
4294967294,22
4294967294,17
4294967294,99
4294967294,76
4294967294,107
4294967294,471
4294967294,7
4294967278,241
4294967294,6
4294967294,94
4294967294,93
4294967294,96
4294967294,95
17,4
4294967278,239
17,3
17,2
17,1
0,5
4294967278,324
4294967278,260
4294967278,0
4294967294,9
4294967294,8
0,7
4294967294,2
4294967294,0
4294967294,120
4294967294,1
4294967294,45
4294967294,428
4294967294,44
4294967294,43
4294967294,53
4294967294,1022
4294967294,1019
4294967294,29
4294967294,417
4294967294,28
4294967294,991
4294967294,91
4294967294,90
4294967294,87
4294967294,86
4294967294,85
4294967294,84
4294967278,238
4294967294,42
4294967294,81
4294967294,36
4294967294,41
4294967294,51
4294967294,39
4294967294,1035
4294967294,166
4294967294,24
4294967294,175
4294967294,183
4294967294,173
4294967294,15
4294967294,184
4294967294,398
4294967294,185
4294967294,104
4294967294,106
4294967294,160
4294967294,168
4294967294,26
4294967294,162
4294967294,82
4294967294,1023
4294967294,83
4294967278,132
4294967278,131
4294967278,130
4294967278,129
4294967278,128
4294967278,127
4294967278,126
4294967278,125
4294967278,124
4294967278,123
4294967278,122
4294967278,121
4294967278,120
4294967278,119
4294967278,118
4294967278,117
4294967278,116
4294967278,115
4294967278,114
4294967278,113
4294967278,112
4294967278,232
4294967278,111
4294967278,230
4294967278,110
4294967278,228
4294967278,109
4294967278,108
4294967278,224
4294967278,107
4294967278,106
